4548601578021624|10|2020|232
4548601578028017|10|2020|415
4548601578020709|10|2020|706
4548601578021772|10|2020|883
4548601578028728|10|2020|268
4548601578027324|10|2020|623
4548601578025880|10|2020|824
4548601578026664|10|2020|481
4548601578028108|10|2020|633
4548601578023703|10|2020|611
4548601578025120|10|2020|442
4548601578021178|10|2020|708
4548601578026250|10|2020|063
4548601578024107|10|2020|420
4548601578020824|10|2020|161
4548601578023232|10|2020|147
4548601578026276|10|2020|031
4548601578021269|10|2020|567
4548601578026763|10|2020|435
4548601578025377|10|2020|100
4548601578023489|10|2020|338
4548601578023265|10|2020|376
4548601578026771|10|2020|802
4548601578020717|10|2020|832
4548601578028066|10|2020|644
4548601578027886|10|2020|306
4548601578022283|10|2020|233
4548601578024446|10|2020|556
4548601578023620|10|2020|654
4548601578026177|10|2020|107
4548601578024487|10|2020|631
4548601578027456|10|2020|121
4548601578020147|10|2020|107
4548601578024016|10|2020|670
4548601578025864|10|2020|573
4548601578023810|10|2020|510
4548601578025179|10|2020|624
4548601578021632|10|2020|608
4548601578022465|10|2020|786
4548601578025815|10|2020|743
4548601578026342|10|2020|137
4548601578020683|10|2020|314
4548601578020113|10|2020|761
4548601578020675|10|2020|558
4548601578025229|10|2020|205
4548601578021483|10|2020|007
4548601578022713|10|2020|141
4548601578025260|10|2020|653
4548601578025047|10|2020|687
4548601578022804|10|2020|048
4548601578027811|10|2020|606
4548601578023646|10|2020|016
4548601578023703|10|2020|428
4548601578023513|10|2020|040
4548601578021350|10|2020|241
4548601578027852|10|2020|655
4548601578027423|10|2020|603
4548601578023281|10|2020|265
4548601578021517|10|2020|161
4548601578021749|10|2020|235
4548601578023489|10|2020|751
4548601578027555|10|2020|333
4548601578025377|10|2020|862
4548601578024602|10|2020|211
4548601578021558|10|2020|653
4548601578025062|10|2020|847
4548601578022879|10|2020|866
4548601578022325|10|2020|020
4548601578022606|10|2020|684
4548601578023224|10|2020|124
4548601578023059|10|2020|863
4548601578028835|10|2020|418
4548601578020550|10|2020|537
4548601578023687|10|2020|202
4548601578020535|10|2020|315
4548601578024859|10|2020|573
4548601578027746|10|2020|677
4548601578028561|10|2020|041
4548601578024453|10|2020|243
4548601578023612|10|2020|122
4548601578024024|10|2020|685
4548601578024230|10|2020|588
4548601578020279|10|2020|506
4548601578027076|10|2020|248
4548601578020006|10|2020|434
4548601578020873|10|2020|516
4548601578022713|10|2020|062
4548601578026516|10|2020|787
4548601578028421|10|2020|140
4548601578026854|10|2020|845
4548601578020089|10|2020|152
4548601578028421|10|2020|650
4548601578027274|10|2020|364
4548601578023836|10|2020|278
4548601578026375|10|2020|143
4548601578023166|10|2020|083
4548601578028744|10|2020|224
4548601578021368|10|2020|551
4548601578020816|10|2020|466
4548601578025542|10|2020|767
4548601578025542|10|2020|723
4548601578027407|10|2020|388
4548601578028546|10|2020|257
4548601578023174|10|2020|441
4548601578022200|10|2020|528
4548601578021228|10|2020|685
4548601578028066|10|2020|706
4548601578026227|10|2020|626
4548601578028355|10|2020|407
4548601578025559|10|2020|557
4548601578026888|10|2020|351
4548601578021202|10|2020|725
4548601578022515|10|2020|334
4548601578021715|10|2020|730
4548601578022721|10|2020|036
4548601578023109|10|2020|577
4548601578022036|10|2020|367
4548601578028827|10|2020|640
4548601578026383|10|2020|016
4548601578020873|10|2020|352
4548601578022184|10|2020|686
4548601578024867|10|2020|747
4548601578021079|10|2020|651
4548601578020287|10|2020|848
4548601578021681|10|2020|081
4548601578027647|10|2020|120
4548601578022176|10|2020|814
4548601578024578|10|2020|741
4548601578026359|10|2020|780
4548601578027027|10|2020|482
4548601578025419|10|2020|771
4548601578026284|10|2020|616
4548601578027084|10|2020|382
4548601578028579|10|2020|131
4548601578023778|10|2020|325
4548601578027720|10|2020|165
4548601578021418|10|2020|225
4548601578024735|10|2020|200
4548601578024867|10|2020|457
4548601578026656|10|2020|644
4548601578022473|10|2020|368
4548601578022440|10|2020|012
4548601578021087|10|2020|455
4548601578026862|10|2020|418
4548601578023547|10|2020|158
4548601578028264|10|2020|631
4548601578022457|10|2020|287
4548601578024016|10|2020|578
4548601578027589|10|2020|151
4548601578027381|10|2020|301
4548601578022275|10|2020|282
4548601578023174|10|2020|762
4548601578021723|10|2020|204
4548601578025138|10|2020|836
4548601578024057|10|2020|436
4548601578023380|10|2020|341
4548601578022242|10|2020|381
4548601578023034|10|2020|245
4548601578021871|10|2020|256
4548601578021160|10|2020|375
4548601578021731|10|2020|244
4548601578027787|10|2020|524
4548601578023737|10|2020|067
4548601578021269|10|2020|755
4548601578023786|10|2020|541
4548601578025039|10|2020|741
4548601578021848|10|2020|230
4548601578020311|10|2020|411
4548601578027480|10|2020|362
4548601578025450|10|2020|820
4548601578027126|10|2020|024
4548601578024016|10|2020|484
4548601578026730|10|2020|100
4548601578021236|10|2020|575
4548601578024255|10|2020|837
4548601578020360|10|2020|131
4548601578026524|10|2020|681
4548601578023430|10|2020|531
4548601578028207|10|2020|557
4548601578025716|10|2020|007
4548601578027530|10|2020|820
4548601578027431|10|2020|372
4548601578027266|10|2020|653
4548601578024354|10|2020|864
4548601578028207|10|2020|354
4548601578023489|10|2020|573
4548601578021103|10|2020|835
4548601578022531|10|2020|671
4548601578025211|10|2020|416
4548601578025005|10|2020|878
4548601578020329|10|2020|142
4548601578022416|10|2020|405
4548601578027068|10|2020|373
4548601578024164|10|2020|111
4548601578024859|10|2020|407
4548601578024115|10|2020|545
4548601578022481|10|2020|053
4548601578022309|10|2020|457
4548601578028843|10|2020|266
4548601578022374|10|2020|140
4548601578020352|10|2020|834
4548601578020212|10|2020|566
4548601578026474|10|2020|552
4548601578028355|10|2020|452
4548601578025641|10|2020|835
4548601578028538|10|2020|532
4548601578020485|10|2020|657
4548601578026417|10|2020|563
4548601578027159|10|2020|683
4548601578025302|10|2020|557
4548601578020808|10|2020|105
4548601578021418|10|2020|656
4548601578022259|10|2020|165
4548601578027621|10|2020|205
4548601578028736|10|2020|256
4548601578026706|10|2020|388
4548601578022721|10|2020|887
4548601578028314|10|2020|433
4548601578028074|10|2020|211
4548601578028751|10|2020|642
4548601578021558|10|2020|653
4548601578020451|10|2020|077
4548601578025153|10|2020|473
4548601578020006|10|2020|318
4548601578023158|10|2020|005
4548601578023570|10|2020|788
4548601578026482|10|2020|717
4548601578025328|10|2020|716
4548601578020071|10|2020|014
4548601578025260|10|2020|215
4548601578020469|10|2020|855
4548601578025864|10|2020|805
4548601578022234|10|2020|543
4548601578024610|10|2020|637
4548601578023273|10|2020|781
4548601578023323|10|2020|867
4548601578028017|10|2020|337
4548601578021244|10|2020|385
4548601578025641|10|2020|013
4548601578026086|10|2020|767
4548601578024412|10|2020|450
4548601578025609|10|2020|002
4548601578021467|10|2020|841
4548601578021830|10|2020|441
4548601578022010|10|2020|462
4548601578027415|10|2020|842
4548601578024222|10|2020|676
4548601578021202|10|2020|275
4548601578021202|10|2020|701
4548601578022317|10|2020|820
4548601578020428|10|2020|722
4548601578020261|10|2020|180
4548601578026128|10|2020|070
4548601578023844|10|2020|217
4548601578027274|10|2020|464
4548601578027258|10|2020|886
4548601578022283|10|2020|545
4548601578021327|10|2020|031
4548601578021764|10|2020|677
4548601578028702|10|2020|708
4548601578025674|10|2020|123
4548601578027407|10|2020|885
4548601578027209|10|2020|762
4548601578021236|10|2020|055
4548601578024107|10|2020|625
4548601578020782|10|2020|678
4548601578026052|10|2020|872
4548601578024826|10|2020|556
4548601578020519|10|2020|125
4548601578024073|10|2020|733
4548601578021806|10|2020|800
4548601578025534|10|2020|703
4548601578022382|10|2020|183
4548601578024701|10|2020|324
4548601578020881|10|2020|553
4548601578028843|10|2020|762
4548601578022044|10|2020|523
4548601578024263|10|2020|236
4548601578026789|10|2020|285
4548601578028389|10|2020|321
4548601578024685|10|2020|711
4548601578028850|10|2020|515
4548601578027647|10|2020|418
4548601578022259|10|2020|445
4548601578021616|10|2020|121
4548601578022051|10|2020|150
4548601578027704|10|2020|620
4548601578025138|10|2020|303
4548601578025047|10|2020|773
4548601578020469|10|2020|585
4548601578022267|10|2020|170
4548601578023406|10|2020|747
4548601578024024|10|2020|244
4548601578022176|10|2020|534
4548601578021558|10|2020|157
4548601578025161|10|2020|514
4548601578025302|10|2020|153
4548601578026409|10|2020|227
4548601578025286|10|2020|736
4548601578022085|10|2020|250
4548601578025054|10|2020|365
4548601578023067|10|2020|736
4548601578027548|10|2020|008
4548601578025153|10|2020|114
4548601578020246|10|2020|464
4548601578020618|10|2020|888
4548601578022176|10|2020|021
4548601578028710|10|2020|873
4548601578023703|10|2020|332
4548601578022515|10|2020|833
4548601578028231|10|2020|331
4548601578028686|10|2020|030
4548601578024859|10|2020|286
4548601578021400|10|2020|367
4548601578020345|10|2020|610
4548601578024420|10|2020|006
4548601578021368|10|2020|872
4548601578025666|10|2020|813
4548601578026359|10|2020|558
4548601578027662|10|2020|218
4548601578022879|10|2020|688
4548601578026821|10|2020|080
4548601578020717|10|2020|375
4548601578027019|10|2020|461
4548601578023505|10|2020|645
4548601578025526|10|2020|367
4548601578028785|10|2020|788
4548601578025740|10|2020|655
4548601578022762|10|2020|275
4548601578020071|10|2020|321
4548601578022267|10|2020|182
4548601578028512|10|2020|873
4548601578023273|10|2020|672
4548601578022713|10|2020|046
4548601578025104|10|2020|763
4548601578028637|10|2020|231
4548601578022614|10|2020|225
4548601578024552|10|2020|866
4548601578025864|10|2020|060
4548601578027084|10|2020|121
4548601578023216|10|2020|151
4548601578022127|10|2020|834
4548601578024735|10|2020|423
4548601578025666|10|2020|823
4548601578022168|10|2020|501
4548601578028751|10|2020|178
4548601578020006|10|2020|605
4548601578021558|10|2020|220
4548601578022283|10|2020|075
4548601578027217|10|2020|871
4548601578026177|10|2020|813
4548601578027282|10|2020|026
4548601578025641|10|2020|441
4548601578021889|10|2020|433
4548601578026813|10|2020|638
4548601578020113|10|2020|230
4548601578024586|10|2020|718
4548601578020261|10|2020|418
4548601578021202|10|2020|067
4548601578025872|10|2020|786
4548601578020428|10|2020|513
4548601578026243|10|2020|812
4548601578026201|10|2020|775
4548601578020204|10|2020|286
4548601578024271|10|2020|600
4548601578025559|10|2020|634
4548601578025203|10|2020|365
4548601578023489|10|2020|318
4548601578028520|10|2020|606
4548601578023232|10|2020|586
4548601578022879|10|2020|448
4548601578021657|10|2020|760
4548601578028884|10|2020|480
4548601578020725|10|2020|667
4548601578026565|10|2020|337
4548601578028207|10|2020|223
4548601578024503|10|2020|378
4548601578026300|10|2020|453
4548601578027704|10|2020|543
4548601578024750|10|2020|140
4548601578024057|10|2020|447
4548601578027811|10|2020|625
4548601578024479|10|2020|134
4548601578023711|10|2020|350
4548601578023752|10|2020|620
4548601578025278|10|2020|283
4548601578022846|10|2020|073
4548601578022044|10|2020|484
4548601578021012|10|2020|777
4548601578022671|10|2020|861
4548601578027274|10|2020|682
4548601578028660|10|2020|477
4548601578024008|10|2020|166
4548601578021186|10|2020|735
4548601578027753|10|2020|508
4548601578026623|10|2020|154
4548601578022515|10|2020|862
4548601578021285|10|2020|741
4548601578020071|10|2020|757
4548601578022366|10|2020|884
4548601578028009|10|2020|060
4548601578028108|10|2020|358
4548601578024131|10|2020|118
4548601578027019|10|2020|838
4548601578026268|10|2020|842
4548601578022085|10|2020|144
4548601578025112|10|2020|872
4548601578022101|10|2020|262
4548601578020758|10|2020|325
4548601578023802|10|2020|486
4548601578025807|10|2020|322
4548601578020683|10|2020|345
4548601578028207|10|2020|327
4548601578023158|10|2020|775
4548601578022077|10|2020|278
4548601578024438|10|2020|758
4548601578023034|10|2020|087
4548601578021723|10|2020|834
4548601578021707|10|2020|368
4548601578028371|10|2020|527
4548601578026474|10|2020|681
4548601578022416|10|2020|236
4548601578028736|10|2020|472
4548601578020733|10|2020|671
4548601578028058|10|2020|216
4548601578021863|10|2020|483
4548601578024859|10|2020|532
4548601578027324|10|2020|200
4548601578027464|10|2020|664
4548601578024164|10|2020|426
4548601578020410|10|2020|703
4548601578026169|10|2020|077
4548601578021830|10|2020|267
4548601578026250|10|2020|724
4548601578023364|10|2020|164
4548601578026136|10|2020|003
4548601578022572|10|2020|562
4548601578020519|10|2020|156
4548601578020261|10|2020|220
4548601578025732|10|2020|178
4548601578021723|10|2020|030
4548601578025583|10|2020|576
4548601578027746|10|2020|622
4548601578023745|10|2020|150
4548601578027233|10|2020|037
4548601578021541|10|2020|614
4548601578025682|10|2020|714
4548601578021616|10|2020|784
4548601578027209|10|2020|213
4548601578027118|10|2020|257
4548601578020642|10|2020|431
4548601578028454|10|2020|213
4548601578027746|10|2020|318
4548601578021632|10|2020|883
4548601578021012|10|2020|018
4548601578024180|10|2020|473
4548601578027761|10|2020|852
4548601578026680|10|2020|613
4548601578022549|10|2020|816
4548601578023133|10|2020|151
4548601578020485|10|2020|705
4548601578027050|10|2020|512
4548601578020642|10|2020|868
4548601578024354|10|2020|841
4548601578022226|10|2020|221
4548601578022606|10|2020|807
4548601578024057|10|2020|432
4548601578020709|10|2020|331
4548601578026144|10|2020|701
4548601578024172|10|2020|145
4548601578026110|10|2020|427
4548601578026243|10|2020|213
4548601578028512|10|2020|845
4548601578022770|10|2020|841
4548601578025625|10|2020|645
4548601578023349|10|2020|516
4548601578028454|10|2020|208
4548601578025104|10|2020|604
4548601578025070|10|2020|076
4548601578026763|10|2020|772
4548601578022549|10|2020|408
4548601578020162|10|2020|088
4548601578027357|10|2020|057
4548601578023539|10|2020|375
4548601578023703|10|2020|178
4548601578027001|10|2020|656
4548601578026763|10|2020|227
4548601578026573|10|2020|271
4548601578026532|10|2020|551
4548601578026045|10|2020|240
4548601578025112|10|2020|033
4548601578020030|10|2020|463
4548601578026318|10|2020|252
4548601578023521|10|2020|735
4548601578025138|10|2020|008
4548601578026003|10|2020|153
4548601578026607|10|2020|875
4548601578028652|10|2020|418
4548601578022325|10|2020|833
4548601578021012|10|2020|217
4548601578024768|10|2020|062
4548601578020519|10|2020|605
4548601578023372|10|2020|387
4548601578023810|10|2020|120
4548601578022440|10|2020|261
4548601578020832|10|2020|830
4548601578027035|10|2020|057
4548601578028777|10|2020|377
4548601578024206|10|2020|721
4548601578026367|10|2020|404
4548601578028504|10|2020|803
4548601578020766|10|2020|713
4548601578027035|10|2020|712
4548601578023547|10|2020|501
4548601578028132|10|2020|144
4548601578022119|10|2020|118
4548601578020600|10|2020|155
4548601578025815|10|2020|337
4548601578025021|10|2020|426
4548601578020683|10|2020|483
4548601578021053|10|2020|308
4548601578023158|10|2020|802
4548601578024586|10|2020|773
4548601578024263|10|2020|034
4548601578027001|10|2020|124
4548601578028009|10|2020|142
4548601578026060|10|2020|342
4548601578022333|10|2020|607
4548601578026615|10|2020|624
4548601578027530|10|2020|242
4548601578026862|10|2020|051
4548601578023604|10|2020|440
4548601578026755|10|2020|331
4548601578022168|10|2020|072
4548601578028488|10|2020|017
4548601578023430|10|2020|773
4548601578025401|10|2020|234
4548601578024636|10|2020|127
4548601578022630|10|2020|124
4548601578026862|10|2020|477
4548601578026557|10|2020|354
4548601578022887|10|2020|747
4548601578020329|10|2020|135
4548601578022275|10|2020|517
4548601578022234|10|2020|478
4548601578027456|10|2020|551
4548601578028603|10|2020|873
4548601578020022|10|2020|010
4548601578022747|10|2020|471
4548601578020360|10|2020|825
4548601578028058|10|2020|385
4548601578026201|10|2020|370
4548601578023844|10|2020|318
4548601578026318|10|2020|257
4548601578024644|10|2020|105
4548601578026425|10|2020|757
4548601578025682|10|2020|048
4548601578024651|10|2020|824
4548601578026615|10|2020|426
4548601578023828|10|2020|874
4548601578022069|10|2020|172
4548601578024644|10|2020|431
4548601578026227|10|2020|800
4548601578020220|10|2020|351
4548601578023166|10|2020|137
4548601578028124|10|2020|548
4548601578025229|10|2020|818
4548601578020329|10|2020|410
4548601578023109|10|2020|375
4548601578024248|10|2020|531
4548601578025716|10|2020|120
4548601578022408|10|2020|173
4548601578024883|10|2020|817
4548601578027340|10|2020|485
4548601578021632|10|2020|285
4548601578027068|10|2020|371
4548601578026789|10|2020|515
4548601578024685|10|2020|535
4548601578024727|10|2020|840
4548601578027621|10|2020|102
4548601578020600|10|2020|727
4548601578028462|10|2020|577
4548601578023133|10|2020|267
4548601578024834|10|2020|116
4548601578028025|10|2020|510
4548601578027258|10|2020|545
4548601578021749|10|2020|080
4548601578020428|10|2020|004
4548601578024107|10|2020|512
4548601578023570|10|2020|808
4548601578023356|10|2020|880
4548601578022424|10|2020|264
4548601578028728|10|2020|123
4548601578027829|10|2020|336
4548601578024768|10|2020|637
4548601578023323|10|2020|875
4548601578022457|10|2020|764
4548601578021137|10|2020|854
4548601578022762|10|2020|268
4548601578024123|10|2020|411
4548601578027449|10|2020|654
4548601578024131|10|2020|442
4548601578021475|10|2020|544
4548601578021723|10|2020|454
4548601578022887|10|2020|088
4548601578021749|10|2020|183
4548601578028116|10|2020|178
4548601578022168|10|2020|543
4548601578027159|10|2020|128
4548601578020246|10|2020|332
4548601578024743|10|2020|518
4548601578025450|10|2020|342
4548601578021327|10|2020|367
4548601578020865|10|2020|233
4548601578028017|10|2020|556
4548601578024875|10|2020|362
4548601578028850|10|2020|062
4548601578024586|10|2020|106
4548601578027878|10|2020|241
4548601578026011|10|2020|571
4548601578024263|10|2020|252
4548601578020725|10|2020|445
4548601578020584|10|2020|441
4548601578022440|10|2020|615
4548601578025260|10|2020|432
4548601578020535|10|2020|286
4548601578027357|10|2020|240
4548601578025666|10|2020|817
4548601578027654|10|2020|132
4548601578022432|10|2020|662
4548601578025179|10|2020|877
4548601578028678|10|2020|886
4548601578022739|10|2020|665
4548601578026425|10|2020|877
4548601578026755|10|2020|637
4548601578020279|10|2020|120
4548601578027340|10|2020|560
4548601578027811|10|2020|358
4548601578021632|10|2020|121
4548601578021822|10|2020|135
4548601578027753|10|2020|167
4548601578025450|10|2020|332
4548601578025070|10|2020|805
4548601578027332|10|2020|138
4548601578021004|10|2020|841
4548601578020808|10|2020|682
4548601578022739|10|2020|504
4548601578027084|10|2020|166
4548601578025468|10|2020|875
4548601578020188|10|2020|531
4548601578025575|10|2020|658
4548601578022721|10|2020|224
4548601578026177|10|2020|073
4548601578025419|10|2020|545
4548601578027555|10|2020|384
4548601578027845|10|2020|345
4548601578022135|10|2020|185
4548601578027688|10|2020|654
4548601578025336|10|2020|874
4548601578027415|10|2020|381
4548601578025260|10|2020|660
4548601578027217|10|2020|547
4548601578024461|10|2020|855
4548601578021178|10|2020|720
4548601578026870|10|2020|280
4548601578022465|10|2020|523
4548601578022085|10|2020|801
4548601578025435|10|2020|168
4548601578027142|10|2020|128
4548601578024875|10|2020|046
4548601578024040|10|2020|870
4548601578027134|10|2020|222
4548601578020378|10|2020|857
4548601578027613|10|2020|300
4548601578022028|10|2020|018
4548601578022440|10|2020|126
4548601578027175|10|2020|808
4548601578026839|10|2020|731
4548601578025658|10|2020|508
4548601578023109|10|2020|888
4548601578028405|10|2020|065
4548601578026615|10|2020|012
4548601578028058|10|2020|806
4548601578020451|10|2020|816
4548601578028546|10|2020|061
4548601578027845|10|2020|177
4548601578027217|10|2020|301
4548601578022507|10|2020|634
4548601578028306|10|2020|170
4548601578027043|10|2020|111
4548601578020402|10|2020|138
4548601578023562|10|2020|613
4548601578021285|10|2020|355
4548601578025633|10|2020|687
4548601578025237|10|2020|455
4548601578022754|10|2020|653
4548601578025617|10|2020|834
4548601578026573|10|2020|107
4548601578028512|10|2020|878
4548601578025179|10|2020|740
4548601578021145|10|2020|253
4548601578020857|10|2020|430
4548601578023786|10|2020|466
4548601578025146|10|2020|648
4548601578027266|10|2020|664
4548601578028686|10|2020|070
4548601578020584|10|2020|526
4548601578020568|10|2020|534
4548601578024263|10|2020|206
4548601578023240|10|2020|206
4548601578026177|10|2020|040
4548601578028017|10|2020|440
4548601578026441|10|2020|343
4548601578024115|10|2020|584
4548601578024537|10|2020|020
4548601578020501|10|2020|556
4548601578023273|10|2020|212
4548601578027563|10|2020|638
4548601578021582|10|2020|433
4548601578026243|10|2020|625
4548601578023505|10|2020|688
4548601578023307|10|2020|560
4548601578025401|10|2020|056
4548601578027878|10|2020|101
4548601578021822|10|2020|313
4548601578025211|10|2020|582
4548601578028462|10|2020|403
4548601578024586|10|2020|387
4548601578022762|10|2020|080
4548601578027506|10|2020|441
4548601578025385|10|2020|335
4548601578021608|10|2020|458
4548601578025740|10|2020|118
4548601578020634|10|2020|178
4548601578024503|10|2020|414
4548601578023471|10|2020|182
4548601578022655|10|2020|020
4548601578020667|10|2020|558
4548601578026110|10|2020|404
4548601578023026|10|2020|256
4548601578023554|10|2020|205
4548601578020220|10|2020|882
4548601578025245|10|2020|342
4548601578028207|10|2020|015
4548601578026755|10|2020|148
4548601578021103|10|2020|430
4548601578021004|10|2020|724
4548601578023232|10|2020|340
4548601578027589|10|2020|103
4548601578023638|10|2020|802
4548601578021632|10|2020|175
4548601578026623|10|2020|058
4548601578026052|10|2020|645
4548601578023760|10|2020|173
4548601578021137|10|2020|526
4548601578024826|10|2020|475
4548601578027514|10|2020|156
4548601578020683|10|2020|634
4548601578022119|10|2020|126
4548601578026227|10|2020|246
4548601578026870|10|2020|244
4548601578021822|10|2020|353
4548601578027738|10|2020|156
4548601578026102|10|2020|506
4548601578024263|10|2020|568
4548601578023273|10|2020|378
4548601578022374|10|2020|253
4548601578025484|10|2020|275
4548601578021301|10|2020|357
4548601578022226|10|2020|554
4548601578027043|10|2020|528
4548601578020873|10|2020|107
4548601578023760|10|2020|636
4548601578022804|10|2020|884
4548601578027738|10|2020|643
4548601578028140|10|2020|621
4548601578023638|10|2020|555
4548601578021111|10|2020|331
4548601578026474|10|2020|313
4548601578027456|10|2020|830
4548601578020543|10|2020|843
4548601578022440|10|2020|513
4548601578022309|10|2020|315
4548601578024842|10|2020|106
4548601578020048|10|2020|516
4548601578021723|10|2020|487
4548601578022374|10|2020|582
4548601578027258|10|2020|816
4548601578020055|10|2020|166
4548601578028157|10|2020|675
4548601578022267|10|2020|310
4548601578026250|10|2020|046
4548601578021582|10|2020|804
4548601578025542|10|2020|648
4548601578024818|10|2020|218
4548601578020816|10|2020|465
4548601578025633|10|2020|640
4548601578026821|10|2020|407
4548601578027720|10|2020|315
4548601578024016|10|2020|208
4548601578020386|10|2020|570
4548601578028249|10|2020|365
4548601578025732|10|2020|201
4548601578023745|10|2020|127
4548601578020725|10|2020|883
4548601578023463|10|2020|773
4548601578021285|10|2020|633
4548601578024776|10|2020|386
4548601578028579|10|2020|028
4548601578023505|10|2020|517
4548601578025781|10|2020|710
4548601578023364|10|2020|762
4548601578024479|10|2020|740
4548601578022275|10|2020|126
4548601578020824|10|2020|574
4548601578022374|10|2020|230
4548601578020352|10|2020|770
4548601578025005|10|2020|233
4548601578022416|10|2020|310
4548601578024180|10|2020|737
4548601578021418|10|2020|021
4548601578023307|10|2020|734
4548601578022150|10|2020|485
4548601578020832|10|2020|562
4548601578021137|10|2020|674
4548601578020113|10|2020|010
4548601578025377|10|2020|884
4548601578024024|10|2020|716
4548601578027449|10|2020|621
4548601578024511|10|2020|245
4548601578027878|10|2020|236
4548601578026631|10|2020|457
4548601578027258|10|2020|346
4548601578020055|10|2020|146
4548601578021889|10|2020|051
4548601578027209|10|2020|586
4548601578024339|10|2020|207
4548601578027464|10|2020|372
4548601578026300|10|2020|888
4548601578020576|10|2020|512
4548601578020485|10|2020|261
4548601578028827|10|2020|542
4548601578024669|10|2020|785
4548601578027852|10|2020|313
4548601578027266|10|2020|685
4548601578022218|10|2020|325
4548601578026540|10|2020|602
4548601578020329|10|2020|334
4548601578023240|10|2020|137
4548601578023018|10|2020|403
4548601578028439|10|2020|820
4548601578020576|10|2020|168
4548601578026573|10|2020|100
4548601578027324|10|2020|554
4548601578024230|10|2020|501
4548601578022408|10|2020|526
4548601578028041|10|2020|757
4548601578023877|10|2020|030
4548601578025187|10|2020|700
4548601578024685|10|2020|011
4548601578022408|10|2020|858
4548601578028710|10|2020|362
4548601578027472|10|2020|477
4548601578023224|10|2020|725
4548601578021129|10|2020|524
4548601578026227|10|2020|435
4548601578020725|10|2020|315
4548601578026102|10|2020|623
4548601578023281|10|2020|768
4548601578025047|10|2020|624
4548601578020717|10|2020|852
4548601578027712|10|2020|016
4548601578028835|10|2020|846
4548601578023455|10|2020|028
4548601578021780|10|2020|413
4548601578025419|10|2020|275
4548601578022069|10|2020|830
4548601578026227|10|2020|407
4548601578021368|10|2020|817
4548601578023760|10|2020|720
4548601578020717|10|2020|667
4548601578022317|10|2020|541
4548601578028660|10|2020|653
4548601578022739|10|2020|254
4548601578022200|10|2020|177
4548601578027431|10|2020|655
4548601578026458|10|2020|183
4548601578025807|10|2020|262
4548601578027555|10|2020|418
4548601578023166|10|2020|266
4548601578026219|10|2020|323
4548601578027332|10|2020|260
4548601578026722|10|2020|147
4548601578021756|10|2020|786
4548601578024271|10|2020|853
4548601578028637|10|2020|471
4548601578024586|10|2020|683
4548601578028140|10|2020|386
4548601578021616|10|2020|208
4548601578023059|10|2020|570
4548601578021343|10|2020|758
4548601578023679|10|2020|175
4548601578023273|10|2020|106
4548601578024289|10|2020|577
4548601578021509|10|2020|420
4548601578022002|10|2020|862
4548601578026565|10|2020|730
4548601578021558|10|2020|156
4548601578022689|10|2020|628
4548601578027365|10|2020|277
4548601578028629|10|2020|300
4548601578027472|10|2020|587
4548601578023737|10|2020|771
4548601578027167|10|2020|544
4548601578022713|10|2020|184
4548601578022267|10|2020|447
4548601578024107|10|2020|035
4548601578021681|10|2020|066
4548601578025336|10|2020|352
4548601578021020|10|2020|732
4548601578022770|10|2020|810
4548601578026722|10|2020|765
4548601578028884|10|2020|525
4548601578023000|10|2020|048
4548601578024842|10|2020|703
4548601578025013|10|2020|100
4548601578026383|10|2020|338
4548601578023711|10|2020|855
4548601578028736|10|2020|122
4548601578026466|10|2020|052
4548601578024420|10|2020|346
4548601578024206|10|2020|185
4548601578027480|10|2020|561
4548601578020279|10|2020|755
4548601578027431|10|2020|510
4548601578020048|10|2020|065
4548601578023307|10|2020|855
4548601578020451|10|2020|251
4548601578025229|10|2020|431
4548601578023802|10|2020|827
4548601578027811|10|2020|024
4548601578021533|10|2020|733
4548601578024826|10|2020|118
4548601578020840|10|2020|415
4548601578028330|10|2020|752
4548601578022655|10|2020|605
4548601578023406|10|2020|245
4548601578020055|10|2020|666
4548601578025575|10|2020|853
4548601578020451|10|2020|438
4548601578027332|10|2020|517
4548601578023414|10|2020|064
4548601578024537|10|2020|233
4548601578028249|10|2020|357
4548601578020246|10|2020|413
4548601578021244|10|2020|814
4548601578020246|10|2020|544
4548601578025245|10|2020|402
4548601578024081|10|2020|173
4548601578023638|10|2020|363
4548601578022648|10|2020|814
4548601578027217|10|2020|635
4548601578028264|10|2020|272
4548601578023612|10|2020|384
4548601578022663|10|2020|344
4548601578020725|10|2020|658
4548601578020303|10|2020|137
4548601578022721|10|2020|245
4548601578025716|10|2020|611
4548601578027241|10|2020|560
4548601578023703|10|2020|183
4548601578020477|10|2020|637
4548601578021012|10|2020|705
4548601578023455|10|2020|460
4548601578023604|10|2020|073
4548601578028124|10|2020|678
4548601578023752|10|2020|580
4548601578025146|10|2020|483
4548601578021582|10|2020|231
4548601578028611|10|2020|064
4548601578025237|10|2020|226
4548601578024883|10|2020|143
4548601578025617|10|2020|761
4548601578025518|10|2020|606
4548601578027142|10|2020|141
4548601578025666|10|2020|685
4548601578023653|10|2020|204
4548601578024404|10|2020|551
4548601578023059|10|2020|612
4548601578022721|10|2020|163
4548601578020519|10|2020|742
4548601578024685|10|2020|412
4548601578025021|10|2020|433
4548601578027811|10|2020|407
4548601578027159|10|2020|650
4548601578028686|10|2020|445
4548601578021327|10|2020|746
4548601578022408|10|2020|544
4548601578022564|10|2020|235
4548601578024529|10|2020|467